0,451
0,450
0,449
0,386
3,1
3,3
10,118
10,248
10,202
10,188
10,206
10,272
10,210
11,26
11,9
11,21
8,16
8,12
8,9
8,2
8,3
28,3
28,2
28,1
28,0
27,3
27,2
27,1
27,0
20,3
20,2
20,1
19,3
19,2
19,1
12,3
12,2
12,1
11,28
11,27
11,25
11,22
11,20
11,19
11,18
11,17
11,15
11,14
11,13
11,12
11,10
11,8
11,7
11,4
11,3
11,2
11,1
10,301
10,263
10,260
10,252
10,250
10,241
10,233
10,217
10,213
10,203
10,197
10,190
10,168
10,162
10,160
18,1
10,158
18,3
10,148
10,144
14,1
10,130
14,3
10,104
13,1
10,95
13,3
10,90
10,87
10,86
10,83
10,79
10,76
10,67
